"group" "id" "variable"
"1" 1 1 0.395478926042536
"2" 1 2 -2.01456035876371
"3" 1 3 -0.184802675674601
"4" 1 4 -0.320821342139203
"5" 1 5 -0.0836901673018089
"6" 1 6 -0.985299038007053
"7" 1 7 -0.328018340953107
"8" 1 8 -0.0231754060392565
"9" 1 9 -0.722442461483787
"10" 1 10 0.174144265046091
"11" 1 11 0.616132917483901
"12" 1 12 1.09233416070399
"13" 1 13 0.207725035672444
"14" 1 14 0.288733489746611
"15" 1 15 -0.534409416095134
"16" 1 16 1.0265923933172
"17" 1 17 -1.33926359953919
"18" 1 18 -0.538395356470431
"19" 1 19 -0.0977351502822976
"20" 1 20 0.459272841288732
"21" 1 21 0.483437110752308
"22" 1 22 -0.725822688765586
"23" 1 23 1.16101637215561
"24" 1 24 -1.25126126794912
"25" 1 25 1.48247192537979
"26" 1 26 0.663948918651622
"27" 1 27 0.19934736981348
"28" 1 28 -0.555503696885328
"29" 1 29 0.64097675208526
"30" 1 30 -0.741037476208874
"31" 1 31 -0.492824512824616
"32" 1 32 0.829956735905695
"33" 1 33 -1.98045855300092
"34" 1 34 -1.08024288415527
"35" 1 35 -1.456174410462
"36" 1 36 -0.791221269535383
"37" 1 37 -0.19431367502194
"38" 1 38 -0.847772341459712
"39" 1 39 -0.0183018905269392
"40" 1 40 -0.0438351504151118
"41" 1 41 1.28047251736936
"42" 1 42 -0.0908658966175784
"43" 1 43 -0.00431575525060464
"44" 1 44 -1.44989041088899
"45" 1 45 0.922455064587772
"46" 1 46 -0.426852746399985
"47" 1 47 -0.47809355832235
"48" 1 48 0.425699435604008
"49" 1 49 -1.01072183246115
"50" 1 50 -1.12627064134793
"51" 1 51 -0.530546206950643
"52" 1 52 -0.46097466441715
"53" 1 53 0.0135481721557803
"54" 1 54 -0.556294608237446
"55" 1 55 0.777413162424043
"56" 1 56 -0.540494117748219
"57" 1 57 -1.53647034728519
"58" 1 58 0.574140538739391
"59" 1 59 -0.526711213622099
"60" 1 60 0.499560534530488
"61" 1 61 0.11685097925207
"62" 1 62 0.730611684493368
"63" 1 63 -0.00516691047110488
"64" 1 64 -0.693838644298862
"65" 1 65 -0.686653357304765
"66" 1 66 -1.05233401103277
"67" 1 67 -0.0734974572382794
"68" 1 68 -0.567727402082285
"69" 1 69 0.318521359656393
"70" 1 70 -1.43103411908408
"71" 1 71 -0.379271427432961
"72" 1 72 0.526164556483798
"73" 1 73 0.0987671676670068
"74" 1 74 -1.13735836363559
"75" 1 75 0.0255385151055358
"76" 1 76 1.60205541998828
"77" 1 77 1.94213552090196
"78" 1 78 -0.0280071393579518
"79" 1 79 0.467219352327939
"80" 1 80 -1.48818772780562
"81" 1 81 -1.81605106996388
"82" 1 82 -1.81643251382513
"83" 1 83 2.17252919520817
"84" 1 84 2.55523536764147
"85" 1 85 -1.1824012023283
"86" 1 86 0.359346106254712
"87" 1 87 -0.392364045117203
"88" 1 88 -1.29947154323733
"89" 1 89 0.83769331060854
"90" 1 90 0.219311160957653
"91" 1 91 0.899805111258331
"92" 1 92 0.268006639494137
"93" 1 93 -0.836903656379591
"94" 1 94 -0.371827495460116
"95" 1 95 0.836227103919099
"96" 1 96 -1.66372443609507
"97" 1 97 -0.644570887281163
"98" 1 98 0.0902106044675144
"99" 1 99 0.908902572841335
"100" 1 100 -0.357421919972876
"101" 1 101 -0.996783798873206
"102" 1 102 -0.0190215747359085
"103" 1 103 0.250752995239747
"104" 1 104 0.296696177801402
"105" 1 105 0.176251293128867
"106" 1 106 0.659600389264872
"107" 1 107 0.64514519602125
"108" 1 108 0.456714300309393
"109" 1 109 -0.313465280908416
"110" 1 110 -0.387335887550355
"111" 1 111 1.44229955461731
"112" 1 112 -0.136379812884761
"113" 1 113 -0.174263435889201
"114" 1 114 -0.948813286543416
"115" 1 115 -0.623697250574314
"116" 1 116 1.21249553340253
"117" 1 117 0.0540894202301165
"118" 1 118 -0.744809751373414
"119" 1 119 0.749938671039373
"120" 1 120 1.3974557900447
"121" 1 121 0.960802730315259
"122" 1 122 -0.68777469544193
"123" 1 123 1.02655691262847
"124" 1 124 1.14508529488786
"125" 1 125 1.82194384683114
"126" 1 126 2.30177707062776
"127" 1 127 0.264806066229192
"128" 1 128 1.74333703310873
"129" 1 129 0.0683471809650106
"130" 1 130 0.173817337258684
"131" 1 131 -1.84356388327905
"132" 1 132 1.4726923095188
"133" 1 133 -0.802575195957073
"134" 1 134 0.177524696234364
"135" 1 135 3.06467445587016
"136" 1 136 -0.359568296005091
"137" 1 137 1.29121586210198
"138" 1 138 -0.677516819198099
"139" 1 139 2.26231744403325
"140" 1 140 -2.07460890034236
"141" 1 141 0.560635808088004
"142" 1 142 0.246566521372323
"143" 1 143 -0.764056381660073
"144" 1 144 -1.48790190551045
"145" 1 145 0.450806425778713
"146" 1 146 -1.01052227798352
"147" 1 147 1.70109269628508
"148" 1 148 -1.70235272694868
"149" 1 149 -0.500242943770407
"150" 1 150 -2.53218091146
"151" 1 151 -1.26333889040781
"152" 1 152 1.23757149927537
"153" 1 153 -2.03353786352556
"154" 1 154 -0.559166025475347
"155" 1 155 -1.87014351533696
"156" 1 156 -0.648619338851553
"157" 1 157 0.155086615777184
"158" 1 158 0.883983984989052
"159" 1 159 0.496397222556429
"160" 1 160 -1.58297181701802
"161" 1 161 0.313568073344655
"162" 1 162 0.0821752796676665
"163" 1 163 0.484702960868969
"164" 1 164 -1.15157892371476
"165" 1 165 0.0711014478787208
"166" 1 166 0.514190468974999
"167" 1 167 1.73569189821986
"168" 1 168 1.5830273364414
"169" 1 169 -0.721050038501685
"170" 1 170 -0.729244120728661
"171" 1 171 1.16485278355529
"172" 1 172 0.521911954937747
"173" 1 173 0.248299994306111
"174" 1 174 1.43159494803851
"175" 1 175 1.81368629912561
"176" 1 176 1.55427245034606
"177" 1 177 0.423092374652677
"178" 1 178 0.0902563788844237
"179" 1 179 -2.51650931118726
"180" 1 180 0.434384767051134
"181" 1 181 -0.359363830165926
"182" 1 182 -1.57407553569257
"183" 1 183 0.860723807496121
"184" 1 184 -0.106555724976619
"185" 1 185 0.853660020423471
"186" 1 186 -1.17152809970394
"187" 1 187 -0.606492033828758
"188" 1 188 0.558672977238523
"189" 1 189 -0.689159525995169
"190" 1 190 0.391224609685743
"191" 1 191 0.37137259490376
"192" 1 192 -0.89798496576428
"193" 1 193 0.207387328584807
"194" 1 194 -0.417807024864984
"195" 1 195 -0.320031122769781
"196" 1 196 0.292835538194649
"197" 1 197 1.11479662301369
"198" 1 198 -0.197274738164405
"199" 1 199 -0.512598488309236
"200" 1 200 -1.08138518142389
"201" 1 201 0.427491915244385
"202" 1 202 -2.23030906923222
"203" 1 203 -2.10454530363705
"204" 1 204 1.22087574500825
"205" 1 205 -0.0118365511046195
"206" 1 206 0.167884357058003
"207" 1 207 0.619809504669063
"208" 1 208 -0.249965279925528
"209" 1 209 -0.625913103656081
"210" 1 210 -0.480593605979176
"211" 1 211 0.839322595786207
"212" 1 212 1.70038734908234
"213" 1 213 0.230494654372943
"214" 1 214 -0.521148907007692
"215" 1 215 -0.0656238360757405
"216" 1 216 -0.644765642242567
"217" 1 217 0.60138882045344
"218" 1 218 -0.470350002769869
"219" 1 219 -1.83793379381945
"220" 1 220 1.94375518351479
"221" 1 221 -0.193437411977417
"222" 1 222 0.944881238435375
"223" 1 223 -0.105411056329347
"224" 1 224 1.2105817911903
"225" 1 225 0.731828345631224
"226" 1 226 -1.74968600501824
"227" 1 227 -0.559713195703105
"228" 1 228 -0.173050908457613
"229" 1 229 1.81472280579691
"230" 1 230 -1.23940481225277
"231" 1 231 0.301521877346174
"232" 1 232 1.14486464985279
"233" 1 233 0.746000546880006
"234" 1 234 1.62129632526482
"235" 1 235 -2.34393196129075
"236" 1 236 -1.1296312443766
"237" 1 237 0.389290195669955
"238" 1 238 1.79592205987539
"239" 1 239 -1.01956092021833
"240" 1 240 1.06223588929207
"241" 1 241 1.15982868590018
"242" 1 242 -0.539659752636211
"243" 1 243 -1.17564887227232
"244" 1 244 -0.866051505146043
"245" 1 245 1.57307629591305
"246" 1 246 0.341816952183868
"247" 1 247 -0.0819448699406694
"248" 1 248 -0.875162166215435
"249" 1 249 0.314439373230581
"250" 1 250 0.00281864660031429
"251" 1 251 -0.139350139127097
"252" 1 252 1.26149884180863
"253" 1 253 1.1251380438033
"254" 1 254 0.314806964096514
"255" 1 255 0.611539694348267
"256" 1 256 -1.67091786711149
"257" 1 257 1.26841807638916
"258" 1 258 -0.466766557820535
"259" 1 259 -0.445811354857481
"260" 1 260 -0.783231917248734
"261" 1 261 0.292958158345108
"262" 1 262 -0.253732146624198
"263" 1 263 0.24586683100136
"264" 1 264 1.32241736062418
"265" 1 265 1.12800858802024
"266" 1 266 1.08449890730632
"267" 1 267 -0.996358898223539
"268" 1 268 -0.3835383078666
"269" 1 269 0.52605942107985
"270" 1 270 -0.396410472804991
"271" 1 271 0.519103605771943
"272" 1 272 -0.719459579179586
"273" 1 273 -1.13414110644704
"274" 1 274 -1.17547016450672
"275" 1 275 -0.886960952508409
"276" 1 276 0.506068577425735
"277" 1 277 0.129716460083226
"278" 1 278 -1.16210972984807
"279" 1 279 0.585950975681248
"280" 1 280 2.28294942174465
"281" 1 281 -1.88235253762566
"282" 1 282 2.29924559834212
"283" 1 283 0.280079716610481
"284" 1 284 1.2476298337027
"285" 1 285 -0.625229061009502
"286" 1 286 -0.302146490934264
"287" 1 287 -0.998329104052682
"288" 1 288 0.228397847884705
"289" 1 289 -0.477593796083651
"290" 1 290 0.381037009630504
"291" 1 291 1.04527978572836
"292" 1 292 -0.918570900736345
"293" 1 293 -1.03797221433417
"294" 1 294 -0.773105599238715
"295" 1 295 -0.150851207048579
"296" 1 296 -0.138284240340905
"297" 1 297 0.197526214251355
"298" 1 298 0.684790052796572
"299" 1 299 0.626294740825976
"300" 1 300 -0.288701875053098
"301" 1 301 0.758916985577953
"302" 1 302 0.519091886907133
"303" 1 303 -0.0126172313487851
"304" 1 304 -1.068838858713
"305" 1 305 0.440447379032699
"306" 1 306 1.25494509675661
"307" 1 307 1.10190374957526
"308" 1 308 -0.642059522119397
"309" 1 309 -0.656336993201939
"310" 1 310 -1.31128125049124
"311" 1 311 -0.010253636979675
"312" 1 312 -0.483349994138331
"313" 1 313 1.28462242177164
"314" 1 314 -0.292432762763747
"315" 1 315 1.64230322671077
"316" 1 316 1.289840809688
"317" 1 317 -1.30356426139366
"318" 1 318 -1.88797829183224
"319" 1 319 0.791529085900557
"320" 1 320 -0.333520441918649
"321" 1 321 -2.41574577875007
"322" 1 322 -0.769878574664831
"323" 1 323 -0.797072130890988
"324" 1 324 0.959479342276946
"325" 1 325 0.776724197259338
"326" 1 326 0.426183250736267
"327" 1 327 -0.763461082334604
"328" 1 328 -0.643856793657317
"329" 1 329 -0.882187126341819
"330" 1 330 -0.826140391220894
"331" 1 331 0.511576812395617
"332" 1 332 -1.85475439698433
"333" 1 333 -1.0665456381474
"334" 1 334 2.19421024620759
"335" 1 335 0.907800679563411
"336" 1 336 0.411070758862597
"337" 1 337 -0.0520584484404127
"338" 1 338 0.484728984489632
"339" 1 339 -0.739226804818272
"340" 1 340 1.483038690828
"341" 1 341 2.13268797033082
"342" 1 342 2.3575085801099
"343" 1 343 -0.372309610689505
"344" 1 344 -0.681746559898532
"345" 1 345 1.02082876997784
"346" 1 346 -0.616440360159869
"347" 1 347 1.69248064876644
"348" 1 348 -0.204427806606921
"349" 1 349 0.531684402584985
"350" 1 350 -2.01850552339153
"351" 1 351 -0.00401855856165532
"352" 1 352 0.959011511194758
"353" 1 353 -0.232209487392053
"354" 1 354 -0.384835657032513
"355" 1 355 -0.696786973163234
"356" 1 356 -0.720562498916131
"357" 1 357 -0.359391132140015
"358" 1 358 2.95805806054972
"359" 1 359 -0.190445052921558
"360" 1 360 0.0322521648705196
"361" 1 361 -0.771156168378669
"362" 1 362 0.123505453300644
"363" 1 363 -0.243509189560568
"364" 1 364 -0.598386230427922
"365" 1 365 0.286333911471526
"366" 1 366 0.742051958064271
"367" 1 367 -0.451841954887837
"368" 1 368 -0.700330090815862
"369" 1 369 -0.753023382082472
"370" 1 370 0.303389632385681
"371" 1 371 0.424804325454433
"372" 1 372 -0.156651291768534
"373" 1 373 -1.27323291128866
"374" 1 374 -1.06938705742095
"375" 1 375 -0.711936562125673
"376" 1 376 -0.444315560129103
"377" 1 377 -0.252012108898553
"378" 1 378 -1.58316470786236
"379" 1 379 -1.21354760808545
"380" 1 380 0.171700530177911
"381" 1 381 -0.784359583270611
"382" 1 382 0.0427813602167719
"383" 1 383 -1.15725964920791
"384" 1 384 0.399376796648009
"385" 1 385 0.382561751983233
"386" 1 386 0.843590981174456
"387" 1 387 0.878001015723561
"388" 1 388 1.63836826009756
"389" 1 389 -0.0613086288936316
"390" 1 390 -1.49760525175039
"391" 1 391 0.630878008604747
"392" 1 392 0.193865598572843
"393" 1 393 0.0583052325487382
"394" 1 394 1.35599370963367
"395" 1 395 0.965161817621934
"396" 1 396 0.333478686117461
"397" 1 397 -0.657013120650161
"398" 1 398 2.02836691190452
"399" 1 399 -0.709236259670277
"400" 1 400 0.290823086522871
"401" 1 401 0.365817362995988
"402" 1 402 0.286141992506846
"403" 1 403 1.46189800285909
"404" 1 404 0.615865175268926
"405" 1 405 0.475261818625854
"406" 1 406 -0.769829930597193
"407" 1 407 0.996955636292899
"408" 1 408 0.295687082366527
"409" 1 409 -0.360438570468079
"410" 1 410 0.585037795358341
"411" 1 411 -0.520497234339429
"412" 1 412 1.16146505155804
"413" 1 413 -0.584044074027289
"414" 1 414 -1.47298942565796
"415" 1 415 -0.809628462382248
"416" 1 416 -1.28722242797349
"417" 1 417 -1.42340120405252
"418" 1 418 0.171214192360161
"419" 1 419 1.71524850422762
"420" 1 420 -0.0465806817122816
"421" 1 421 1.2169056532781
"422" 1 422 -1.61179024644797
"423" 1 423 0.969023144853865
"424" 1 424 -1.62981609654602
"425" 1 425 0.412664320002091
"426" 1 426 -1.74855182439021
"427" 1 427 0.249756080046157
"428" 1 428 -0.054318993588573
"429" 1 429 -2.22357244338109
"430" 1 430 0.820686924644385
"431" 1 431 -0.737422632992637
"432" 1 432 1.26109677867408
"433" 1 433 1.01337245086268
"434" 1 434 -0.43790457633727
"435" 1 435 0.662156249894337
"436" 1 436 -0.289147990201082
"437" 1 437 -0.257142228007785
"438" 1 438 0.592316502528982
"439" 1 439 -0.677565159582122
"440" 1 440 0.531319811698929
"441" 1 441 0.148595521346772
"442" 1 442 -0.260463804184018
"443" 1 443 -0.0877032714308245
"444" 1 444 1.2689876719993
"445" 1 445 -1.57288531601563
"446" 1 446 -1.80795833419065
"447" 1 447 -1.75106713046174
"448" 1 448 -1.31485944093046
"449" 1 449 0.721975696326255
"450" 1 450 0.605678185986639
"451" 1 451 1.38822086915435
"452" 1 452 -1.00658723751957
"453" 1 453 -0.409163377289579
"454" 1 454 1.29657781408286
"455" 1 455 -0.654283092839146
"456" 1 456 1.79294730797031
"457" 1 457 2.22769467462688
"458" 1 458 1.59246265163724
"459" 1 459 -1.44825889600302
"460" 1 460 0.22993300878511
"461" 1 461 0.184849756149487
"462" 1 462 -1.37383719809948
"463" 1 463 1.29358946209622
"464" 1 464 0.174568360710415
"465" 1 465 -2.2150411681549
"466" 1 466 0.560213770331237
"467" 1 467 0.694533042192295
"468" 1 468 2.43492841442576
"469" 1 469 -1.66462479713288
"470" 1 470 -0.313545170041557
"471" 1 471 0.29414678357074
"472" 1 472 -0.290564798459626
"473" 1 473 1.27548448563259
"474" 1 474 0.824038590810845
"475" 1 475 0.607981861686829
"476" 1 476 0.355156956615271
"477" 1 477 0.362040362603729
"478" 1 478 1.23482192460071
"479" 1 479 1.25402940597434
"480" 1 480 -0.713826980119584
"481" 1 481 -0.139479407033738
"482" 1 482 0.895456807383526
"483" 1 483 1.41473097706824
"484" 1 484 1.05997718263878
"485" 1 485 -0.523253741713104
"486" 1 486 0.232720627365616
"487" 1 487 -1.4126713447173
"488" 1 488 0.511270389252768
"489" 1 489 1.31555435654847
"490" 1 490 -0.0809149091352173
"491" 1 491 -0.933693667176955
"492" 1 492 -1.4545945817289
"493" 1 493 -0.0303204235945946
"494" 1 494 1.83121960378783
"495" 1 495 -1.69835604853052
"496" 1 496 -0.174101146022941
"497" 1 497 1.88176033386739
"498" 1 498 1.01786457556882
"499" 1 499 -0.383936013958123
"500" 1 500 -0.339695331460405
"501" 1 501 0.866999995439944
"502" 1 502 -0.647945843297456
"503" 1 503 -2.28234363575122
"504" 1 504 -0.954413451383299
"505" 1 505 0.113164117280233
"506" 1 506 -0.0289177882019753
"507" 1 507 -1.55999286453278
"508" 1 508 -0.258550159075623
"509" 1 509 1.33900609144863
"510" 1 510 -1.27123616735335
"511" 1 511 -0.206937141894152
"512" 1 512 -2.20379825519087
"513" 1 513 0.360298115069051
"514" 1 514 0.262087869697913
"515" 1 515 0.215145291771577
"516" 1 516 -1.13321981884907
"517" 1 517 -1.77695433584557
"518" 1 518 -0.668031197517716
"519" 1 519 0.379187222677501
"520" 1 520 -0.456110053474735
"521" 1 521 0.114179199677228
"522" 1 522 0.432715394668088
"523" 1 523 1.13828080157425
"524" 1 524 0.139419097862899
"525" 1 525 0.439521619919747
"526" 1 526 0.319778734533063
"527" 1 527 -0.00451956955678539
"528" 1 528 -1.34466969290301
"529" 1 529 0.271432796444763
"530" 1 530 1.3058207804774
"531" 1 531 0.92563694284779
"532" 1 532 0.0697925210692402
"533" 1 533 1.03163903352148
"534" 1 534 1.33869851055145
"535" 1 535 0.0975929268602092
"536" 1 536 0.719320041151049
"537" 1 537 2.09153242636669
"538" 1 538 -1.65792106554034
"539" 1 539 -0.442928705346829
"540" 1 540 -0.367732752731768
"541" 1 541 -1.72960721662623
"542" 1 542 0.336281596132041
"543" 1 543 1.06933990581034
"544" 1 544 -0.802522819994838
"545" 1 545 -1.70312582337955
"546" 1 546 0.318760518765727
"547" 1 547 -1.99367932056034
"548" 1 548 0.761382460149646
"549" 1 549 -0.278208899748109
"550" 1 550 0.155569319667116
"551" 1 551 0.469880573263139
"552" 1 552 1.27977384933908
"553" 1 553 -1.47072670507743
"554" 1 554 0.0136645840105083
"555" 1 555 2.00318667730659
"556" 1 556 -0.842886064468978
"557" 1 557 -0.801224671683664
"558" 1 558 -0.490369463458848
"559" 1 559 0.668918069235224
"560" 1 560 -0.34716861672023
"561" 1 561 -1.51363221880147
"562" 1 562 -0.105395989408056
"563" 1 563 0.471070360593695
"564" 1 564 -0.885672472236433
"565" 1 565 -0.104158507543596
"566" 1 566 -2.34749141826201
"567" 1 567 -1.16532758342144
"568" 1 568 1.30939851953419
"569" 1 569 1.44127592281363
"570" 1 570 -1.26008474292004
"571" 1 571 0.503405270965702
"572" 1 572 -2.07971717751184
"573" 1 573 1.08749226284505
"574" 1 574 0.0660303444690004
"575" 1 575 -0.360357435290741
"576" 1 576 -0.19362140776472
"577" 1 577 0.0814206139631531
"578" 1 578 0.0144980764813882
"579" 1 579 -1.36997523579349
"580" 1 580 -0.390731652985902
"581" 1 581 -1.53594369696033
"582" 1 582 -0.20216785844421
"583" 1 583 -0.439659432185168
"584" 1 584 0.879284135621211
"585" 1 585 -0.0783984005417282
"586" 1 586 -0.814625991801045
"587" 1 587 1.00263188854308
"588" 1 588 -0.52974292992504
"589" 1 589 1.19975493161715
"590" 1 590 -0.396630725023078
"591" 1 591 0.205905642728571
"592" 1 592 1.10642494839547
"593" 1 593 0.551914712374338
"594" 1 594 -0.874240047831879
"595" 1 595 0.189052717505917
"596" 1 596 0.764010573694029
"597" 1 597 -0.980617343006421
"598" 1 598 -0.484135767376133
"599" 1 599 -1.99018398668679
"600" 1 600 -0.514016027745389
"601" 1 601 -2.16882269869496
"602" 1 602 0.764026290117788
"603" 1 603 0.584007252623887
"604" 1 604 -0.141715765999544
"605" 1 605 0.479514231684645
"606" 1 606 0.119608429169514
"607" 1 607 0.734945952289171
"608" 1 608 0.443180468803841
"609" 1 609 0.730275958633346
"610" 1 610 0.0424880767683485
"611" 1 611 -0.156816198971722
"612" 1 612 0.893543881741039
"613" 1 613 -0.709607529787066
"614" 1 614 0.45878191075111
"615" 1 615 1.51996930865764
"616" 1 616 -0.0859670733303512
"617" 1 617 0.558263853414356
"618" 1 618 -1.41081280897526
"619" 1 619 0.47790796635589
"620" 1 620 -0.901066159805873
"621" 1 621 0.524624251970977
"622" 1 622 -1.34337557191115
"623" 1 623 -0.214137186041347
"624" 1 624 0.697543641657262
"625" 1 625 0.863837830864742
"626" 1 626 -0.273128430262906
"627" 1 627 -0.494019905870206
"628" 1 628 2.05791315302099
"629" 1 629 -1.86427607347928
"630" 1 630 -0.00273375787048588
"631" 1 631 1.28228277676114
"632" 1 632 -2.12624214619834
"633" 1 633 -0.521352489653407
"634" 1 634 -0.525494198154986
"635" 1 635 0.235720842073913
"636" 1 636 0.609607650130348
"637" 1 637 1.99895341714708
"638" 1 638 -0.125540797577282
"639" 1 639 -0.107997231243981
"640" 1 640 -0.103308619033431
"641" 1 641 -0.374649786454994
"642" 1 642 0.978980910086197
"643" 1 643 0.605536579646718
"644" 1 644 -0.644457242817701
"645" 1 645 0.296137785842249
"646" 1 646 0.71725862642322
"647" 1 647 0.501325546384275
"648" 1 648 0.286245565623327
"649" 1 649 -0.3686408745129
"650" 1 650 1.03250755584993
"651" 1 651 -0.467696703227038
"652" 1 652 -0.996865894595873
"653" 1 653 1.03662604589509
"654" 1 654 -0.305627400612355
"655" 1 655 0.953124209042555
"656" 1 656 0.28083179344473
"657" 1 657 -0.412726061853092
"658" 1 658 -0.661709081191602
"659" 1 659 -0.110333047265381
"660" 1 660 0.280767462915425
"661" 1 661 -1.0375272501851
"662" 1 662 -0.827407529543505
"663" 1 663 0.806718689024338
"664" 1 664 -0.22906846593205
"665" 1 665 -1.22799928452698
"666" 1 666 -0.135976538331501
"667" 1 667 0.598566608238989
"668" 1 668 -1.18730654344146
"669" 1 669 0.170835374379148
"670" 1 670 2.7489541110633
"671" 1 671 0.290128504892801
"672" 1 672 2.19631818901656
"673" 1 673 -0.890963253119511
"674" 1 674 -0.0665830796316843
"675" 1 675 1.16210751804398
"676" 1 676 1.17299163342551
"677" 1 677 2.50044648572812
"678" 1 678 1.36227221142351
"679" 1 679 1.1878080463334
"680" 1 680 -0.107114606940778
"681" 1 681 -1.09191340075468
"682" 1 682 0.464783724615136
"683" 1 683 3.0021546841786
"684" 1 684 0.533336508237954
"685" 1 685 1.08315715084624
"686" 1 686 2.70916549594865
"687" 1 687 -1.13733898978119
"688" 1 688 -1.4527082893177
"689" 1 689 -0.13225755112359
"690" 1 690 0.890171781855568
"691" 1 691 0.377947002605665
"692" 1 692 0.0954300564447198
"693" 1 693 0.436247363923783
"694" 1 694 0.845192361309624
"695" 1 695 0.710093250465745
"696" 1 696 0.897835704469666
"697" 1 697 1.41331387279053
"698" 1 698 -1.6532269134352
"699" 1 699 -0.802825735576384
"700" 1 700 -0.549942745438394
"701" 1 701 -1.09677808577021
"702" 1 702 -0.0895997476526979
"703" 1 703 1.42632360783321
"704" 1 704 1.07280500950967
"705" 1 705 0.652237496567381
"706" 1 706 1.39591247691064
"707" 1 707 0.0521746399740472
"708" 1 708 -0.0343752116303635
"709" 1 709 1.7354738956302
"710" 1 710 -1.22895603178185
"711" 1 711 0.283818592106952
"712" 1 712 1.08023019856862
"713" 1 713 0.218773031399542
"714" 1 714 1.53707451372
"715" 1 715 -0.192244918342367
"716" 1 716 -0.362229106254765
"717" 1 717 -1.11799333035241
"718" 1 718 -1.08799587760976
"719" 1 719 0.138132009675317
"720" 1 720 -1.65551117453556
"721" 1 721 1.80024868022331
"722" 1 722 0.0306201806419568
"723" 1 723 -0.81518903364106
"724" 1 724 1.4049948587285
"725" 1 725 -0.919370059455474
"726" 1 726 -0.715265622700874
"727" 1 727 -0.909193093979463
"728" 1 728 0.601749921450487
"729" 1 729 1.53770071025589
"730" 1 730 0.461747879896202
"731" 1 731 1.27001360298011
"732" 1 732 0.81971988776904
"733" 1 733 0.0907263710567435
"734" 1 734 -0.692687879597951
"735" 1 735 0.414621587506985
"736" 1 736 -1.25737815256025
"737" 1 737 0.552579588143004
"738" 1 738 -0.293043707977766
"739" 1 739 0.655317088923597
"740" 1 740 0.0355514718471574
"741" 1 741 1.52811205106384
"742" 1 742 -0.670752939225774
"743" 1 743 2.23798569216996
"744" 1 744 0.718083624500359
"745" 1 745 0.0981686066800003
"746" 1 746 -0.940748386544065
"747" 1 747 0.196643926017457
"748" 1 748 0.754094365407504
"749" 1 749 0.857589272429112
"750" 1 750 0.628812021479318
"751" 1 751 1.20582429716689
"752" 1 752 1.63360729253615
"753" 1 753 0.699156731959631
"754" 1 754 0.592855692971144
"755" 1 755 1.5418904173847
"756" 1 756 1.3100051415579
"757" 1 757 0.43077216957423
"758" 1 758 2.01206006057128
"759" 1 759 1.2421291310051
"760" 1 760 0.50359340533226
"761" 1 761 -0.337503718431062
"762" 1 762 -0.58408149411789
"763" 1 763 -0.358731554414036
"764" 1 764 -0.550319488107725
"765" 1 765 0.340809761377342
"766" 1 766 -1.47589564670339
"767" 1 767 -0.135520839766326
"768" 1 768 0.0875951669194889
"769" 1 769 -2.03122044354271
"770" 1 770 -1.06598772548258
"771" 1 771 -1.21443421072222
"772" 1 772 0.162742688758895
"773" 1 773 -0.362083855877186
"774" 1 774 0.181150582009317
"775" 1 775 0.43813421356138
"776" 1 776 -0.514968913717272
"777" 1 777 2.13993737467853
"778" 1 778 -0.561225712037574
"779" 1 779 -1.08239361763867
"780" 1 780 -1.06031394873557
"781" 1 781 -0.657189347121343
"782" 1 782 -1.38305348747844
"783" 1 783 -1.66482896387176
"784" 1 784 1.28777679573134
"785" 1 785 1.14261500350358
"786" 1 786 0.311904236926988
"787" 1 787 -0.511030292567037
"788" 1 788 -0.823168084829157
"789" 1 789 0.419866898433162
"790" 1 790 -1.56286603879135
"791" 1 791 1.83199703613071
"792" 1 792 -0.358503890836558
"793" 1 793 1.01089764589456
"794" 1 794 0.0534025063827218
"795" 1 795 0.228211733960405
"796" 1 796 -0.861294431542739
"797" 1 797 -0.200755394233069
"798" 1 798 -0.823094898699438
"799" 1 799 0.952481775510128
"800" 1 800 0.504852022445087
"801" 1 801 -0.586746923472163
"802" 1 802 -0.358049992085748
"803" 1 803 -0.60427123180253
"804" 1 804 2.15800917164377
"805" 1 805 -0.98303099440192
"806" 1 806 -0.31000666014544
"807" 1 807 -1.01694274685985
"808" 1 808 1.49120346255228
"809" 1 809 -0.528293643312748
"810" 1 810 -1.48292686763297
"811" 1 811 -0.542839695981817
"812" 1 812 0.802852995261042
"813" 1 813 -0.110698315768564
"814" 1 814 -0.402093496800307
"815" 1 815 -0.290782765130787
"816" 1 816 -0.352726330859161
"817" 1 817 -0.91048054403301
"818" 1 818 -0.597509199188138
"819" 1 819 -0.6385794015426
"820" 1 820 -0.996005020763979
"821" 1 821 -0.423860345436322
"822" 1 822 -0.341773837760905
"823" 1 823 0.172099454761564
"824" 1 824 0.423732532352419
"825" 1 825 -1.17462602583868
"826" 1 826 -0.0569673535739803
"827" 1 827 0.0287819436275016
"828" 1 828 0.978172448272675
"829" 1 829 0.66326982442945
"830" 1 830 -0.682790001183533
"831" 1 831 0.27743421140987
"832" 1 832 0.996952730734143
"833" 1 833 -0.237592938581206
"834" 1 834 0.374339155582848
"835" 1 835 -0.568556947009537
"836" 1 836 -0.638267392488634
"837" 1 837 1.07846897677103
"838" 1 838 -0.917939210960812
"839" 1 839 -0.201882617236531
"840" 1 840 0.949371395083885
"841" 1 841 2.06855677872359
"842" 1 842 -0.521747205528693
"843" 1 843 0.102624503325785
"844" 1 844 -1.34309999394769
"845" 1 845 0.0101476699443941
"846" 1 846 0.377426677231366
"847" 1 847 -0.389331477897923
"848" 1 848 0.402135759478707
"849" 1 849 0.780567353471241
"850" 1 850 -0.170637222438223
"851" 1 851 2.27534660267635
"852" 1 852 -1.40332634692948
"853" 1 853 0.223250846116895
"854" 1 854 -1.37350157314818
"855" 1 855 -0.971522787768468
"856" 1 856 0.186940145188494
"857" 1 857 -0.761376783183937
"858" 1 858 -1.0512039669456
"859" 1 859 0.478304357923018
"860" 1 860 -0.895482728687048
"861" 1 861 -0.245038720942121
"862" 1 862 -0.0601050716365608
"863" 1 863 1.82418968646656
"864" 1 864 0.498703289481275
"865" 1 865 0.462881296245383
"866" 1 866 1.11200015802256
"867" 1 867 -0.0163913138335389
"868" 1 868 1.5536342153834
"869" 1 869 -0.0250543704653709
"870" 1 870 -0.0929974543462652
"871" 1 871 -1.20487888231265
"872" 1 872 -0.125471814634624
"873" 1 873 -0.0319461782961224
"874" 1 874 -0.156211795799361
"875" 1 875 -1.09330166159896
"876" 1 876 -0.315080766233324
"877" 1 877 -0.241956865853274
"878" 1 878 0.398160384405502
"879" 1 879 1.5123171660397
"880" 1 880 -0.989329410633065
"881" 1 881 0.272075751026102
"882" 1 882 -0.317042841477829
"883" 1 883 0.818141577301854
"884" 1 884 -0.536624331307241
"885" 1 885 1.3249966817305
"886" 1 886 -1.24118945424962
"887" 1 887 -0.343539583648991
"888" 1 888 0.112164923395507
"889" 1 889 -1.46318311715259
"890" 1 890 0.602064354056992
"891" 1 891 -0.979531811003419
"892" 1 892 0.682136689654433
"893" 1 893 -0.76374437253947
"894" 1 894 -0.856370289221282
"895" 1 895 0.591190054075882
"896" 1 896 0.415428242070752
"897" 1 897 0.592971104695954
"898" 1 898 -0.541843450629413
"899" 1 899 -0.242977968615777
"900" 1 900 -0.530736936797954
"901" 1 901 1.52083151357516
"902" 1 902 -0.106348358760561
"903" 1 903 -0.901588926301127
"904" 1 904 1.95702016564091
"905" 1 905 0.876823920660104
"906" 1 906 0.183925264219966
"907" 1 907 1.30953905420548
"908" 1 908 0.799161454403207
"909" 1 909 -0.785040106544331
"910" 1 910 -0.297861353449628
"911" 1 911 0.410262487637766
"912" 1 912 -0.934061339862907
"913" 1 913 0.302912052449747
"914" 1 914 -1.9064235481188
"915" 1 915 2.01127314638982
"916" 1 916 0.758106240765863
"917" 1 917 0.300545709090224
"918" 1 918 2.12808180023553
"919" 1 919 0.591282837373731
"920" 1 920 0.514483079638214
"921" 1 921 1.59019985949507
"922" 1 922 1.5348250514121
"923" 1 923 -1.08366188257801
"924" 1 924 0.898279926893281
"925" 1 925 1.5417854598671
"926" 1 926 -1.32436550249169
"927" 1 927 -0.00647312886811572
"928" 1 928 -1.31080428019614
"929" 1 929 -0.278632833319149
"930" 1 930 0.382475653377606
"931" 1 931 0.964900470255054
"932" 1 932 -0.492464894581209
"933" 1 933 -0.482217384035387
"934" 1 934 -0.124832680643929
"935" 1 935 0.408771909688638
"936" 1 936 -0.146642079382518
"937" 1 937 -0.639443193919885
"938" 1 938 0.805521906758805
"939" 1 939 -0.342370772338919
"940" 1 940 0.323096502228491
"941" 1 941 0.0682211486569466
"942" 1 942 -1.04642357685455
"943" 1 943 -0.837817808358075
"944" 1 944 0.341560560164542
"945" 1 945 0.411569014445645
"946" 1 946 1.3282876312078
"947" 1 947 -0.560198647991773
"948" 1 948 1.1779086471823
"949" 1 949 0.0374895815986417
"950" 1 950 0.573988918183925
"951" 1 951 0.324500023905613
"952" 1 952 -0.51573185538793
"953" 1 953 2.44602153842952
"954" 1 954 0.340004735980362
"955" 1 955 -0.0566254979043462
"956" 1 956 0.5609324406358
"957" 1 957 -0.238327339088008
"958" 1 958 -2.4294637341094
"959" 1 959 -0.932718855063274
"960" 1 960 1.00461620131353
"961" 1 961 -1.88910961130351
"962" 1 962 -1.25743534050025
"963" 1 963 0.346569769501842
"964" 1 964 0.840893998478531
"965" 1 965 0.643524441709317
"966" 1 966 -0.862286568391935
"967" 1 967 0.623337430425003
"968" 1 968 1.3605950965442
"969" 1 969 -1.43432438216757
"970" 1 970 -0.608314734245965
"971" 1 971 1.40057558624036
"972" 1 972 -0.192118358329998
"973" 1 973 1.43171183905893
"974" 1 974 1.27383500691831
"975" 1 975 1.00050518062573
"976" 1 976 -1.4539486994304
"977" 1 977 -1.80990795809311
"978" 1 978 -0.895250288305349
"979" 1 979 0.570435963372117
"980" 1 980 0.999218590800871
"981" 1 981 -0.593077664414621
"982" 1 982 0.281196075430213
"983" 1 983 -0.478700865728178
"984" 1 984 -0.585758339164903
"985" 1 985 -0.356297958911905
"986" 1 986 -0.0728349460919798
"987" 1 987 0.401873509889872
"988" 1 988 0.45094424419311
"989" 1 989 -0.324551084928665
"990" 1 990 1.45943425159513
"991" 1 991 -0.840231390171788
"992" 1 992 -0.65989480189501
"993" 1 993 0.485379991882705
"994" 1 994 -0.392043229730244
"995" 1 995 -1.86743500570945
"996" 1 996 0.429909718643795
"997" 1 997 -0.00328961049868074
"998" 1 998 -0.275212954328383
"999" 1 999 -3.24216421059023
"1000" 1 1000 -0.724059617496129
"1001" 2 1001 -0.423675929362005
"1002" 2 1002 0.0986730991012269
"1003" 2 1003 0.803900007275494
"1004" 2 1004 -0.136603972184111
"1005" 2 1005 -0.0363271939171955
"1006" 2 1006 1.38295153916734
"1007" 2 1007 0.0742325503485701
"1008" 2 1008 1.08124078292089
"1009" 2 1009 1.07373390055849
"1010" 2 1010 0.915727928011007
"1011" 2 1011 -0.48841341720061
"1012" 2 1012 -1.61576301155518
"1013" 2 1013 1.08221457059499
"1014" 2 1014 -0.905781096584533
"1015" 2 1015 -0.60769835089857
"1016" 2 1016 -0.306376976460294
"1017" 2 1017 -0.855532745883075
"1018" 2 1018 1.39622410607426
"1019" 2 1019 0.0224017477237929
"1020" 2 1020 -0.495535379172548
"1021" 2 1021 0.464669149781354
"1022" 2 1022 -0.456488116004233
"1023" 2 1023 1.38703033763311
"1024" 2 1024 -0.487223009444537
"1025" 2 1025 0.322258497165652
"1026" 2 1026 -0.795285422391534
"1027" 2 1027 0.699045886295721
"1028" 2 1028 0.885747299543224
"1029" 2 1029 0.674485472331483
"1030" 2 1030 2.0709953114902
"1031" 2 1031 -0.850510825494697
"1032" 2 1032 1.05209324637513
"1033" 2 1033 -0.369072374510159
"1034" 2 1034 -1.97578545429784
"1035" 2 1035 1.24861778168808
"1036" 2 1036 0.00704245289340659
"1037" 2 1037 0.288669769354863
"1038" 2 1038 0.422951852072472
"1039" 2 1039 1.34422577282359
"1040" 2 1040 -0.819673778741164
"1041" 2 1041 0.478444111119566
"1042" 2 1042 0.932047181740107
"1043" 2 1043 -0.505841948465001
"1044" 2 1044 -0.128633885081346
"1045" 2 1045 0.644922736350644
"1046" 2 1046 0.137723291184619
"1047" 2 1047 0.521969508290704
"1048" 2 1048 1.34109279724586
"1049" 2 1049 0.905473030110957
"1050" 2 1050 -1.23920607068544
"1051" 2 1051 0.700869863415681
"1052" 2 1052 0.888907205865194
"1053" 2 1053 0.751807363263699
"1054" 2 1054 1.40392855411975
"1055" 2 1055 0.22544460479302
"1056" 2 1056 1.61392685601152
"1057" 2 1057 1.55507471634272
"1058" 2 1058 0.758171354502806
"1059" 2 1059 2.17359272513796
"1060" 2 1060 -0.880577820624164
"1061" 2 1061 -0.0576713146507469
"1062" 2 1062 -1.48855349368948
"1063" 2 1063 1.93160712165209
"1064" 2 1064 -0.489345002237346
"1065" 2 1065 0.253071633897081
"1066" 2 1066 0.305996696019487
"1067" 2 1067 -0.492324418117232
"1068" 2 1068 1.315754193969
"1069" 2 1069 -1.31911227526078
"1070" 2 1070 0.426605999091107
"1071" 2 1071 1.41104886759984
"1072" 2 1072 0.799351490001685
"1073" 2 1073 -0.105292443327535
"1074" 2 1074 1.27151463841982
"1075" 2 1075 -1.0221114009896
"1076" 2 1076 0.501045458620941
"1077" 2 1077 1.38502327464085
"1078" 2 1078 0.922903766052212
"1079" 2 1079 0.969869896961897
"1080" 2 1080 -1.60337567294462
"1081" 2 1081 1.57619986859042
"1082" 2 1082 0.000478489130422019
"1083" 2 1083 0.130543459263041
"1084" 2 1084 0.429710068016091
"1085" 2 1085 0.529764130584943
"1086" 2 1086 0.359371438323725
"1087" 2 1087 0.625764490552052
"1088" 2 1088 0.215832587124653
"1089" 2 1089 1.23005429686062
"1090" 2 1090 1.95022171216812
"1091" 2 1091 1.98735199553176
"1092" 2 1092 -1.04397683340453
"1093" 2 1093 -0.735489323324204
"1094" 2 1094 -0.575177487364706
"1095" 2 1095 0.0557799120502305
"1096" 2 1096 -0.346972428062031
"1097" 2 1097 -0.380507664542616
"1098" 2 1098 0.589872135648777
"1099" 2 1099 0.718219834846754
"1100" 2 1100 1.81608611562898
"1101" 2 1101 -0.0263593756436578
"1102" 2 1102 1.34568547955651
"1103" 2 1103 0.906249679303313
"1104" 2 1104 0.999676930421452
"1105" 2 1105 0.39953639669472
"1106" 2 1106 -0.768882099463604
"1107" 2 1107 0.131634457427696
"1108" 2 1108 1.48772579020026
"1109" 2 1109 -1.11984655627144
"1110" 2 1110 0.216452390572514
"1111" 2 1111 -1.325014066587
"1112" 2 1112 -0.938083431195527
"1113" 2 1113 1.37213825116515
"1114" 2 1114 0.926152628034671
"1115" 2 1115 0.814448900685842
"1116" 2 1116 -0.211926704948763
"1117" 2 1117 2.26841370451017
"1118" 2 1118 0.0968307094296785
"1119" 2 1119 -0.549409548224174
"1120" 2 1120 0.518627444913864
"1121" 2 1121 -0.694070227263851
"1122" 2 1122 0.941627528351334
"1123" 2 1123 0.731590699493829
"1124" 2 1124 0.136044847199308
"1125" 2 1125 -0.632242581812205
"1126" 2 1126 -1.71909673222825
"1127" 2 1127 -1.28602483665067
"1128" 2 1128 -0.350481937412412
"1129" 2 1129 0.47565149159293
"1130" 2 1130 -1.12166863393793
"1131" 2 1131 0.415760506969271
"1132" 2 1132 -1.32031888333776
"1133" 2 1133 0.000877330928602885
"1134" 2 1134 -0.901537186107099
"1135" 2 1135 1.0245017015378
"1136" 2 1136 -0.236050418754128
"1137" 2 1137 1.77711764316015
"1138" 2 1138 0.789879773469095
"1139" 2 1139 0.32672480729433
"1140" 2 1140 0.485106588373234
"1141" 2 1141 0.218000995643798
"1142" 2 1142 1.2597397030417
"1143" 2 1143 -1.66638515382656
"1144" 2 1144 -0.87230892866319
"1145" 2 1145 -0.0857947708732177
"1146" 2 1146 -2.32071326002238
"1147" 2 1147 1.25932671391489
"1148" 2 1148 -0.775946546570746
"1149" 2 1149 -0.723682398509382
"1150" 2 1150 1.30819212058992
"1151" 2 1151 1.34340050869871
"1152" 2 1152 1.08324399534384
"1153" 2 1153 0.954426222964954
"1154" 2 1154 0.122308077021305
"1155" 2 1155 0.453103136654278
"1156" 2 1156 -0.690779391898379
"1157" 2 1157 0.582318152866638
"1158" 2 1158 0.478934992499425
"1159" 2 1159 -1.3565511481946
"1160" 2 1160 0.647894908429772
"1161" 2 1161 0.182710526957306
"1162" 2 1162 0.108807017488223
"1163" 2 1163 0.256648291880082
"1164" 2 1164 -1.64087895043249
"1165" 2 1165 -0.373528024014274
"1166" 2 1166 0.971919102504219
"1167" 2 1167 1.38829557022117
"1168" 2 1168 1.77431002171045
"1169" 2 1169 0.433923641359516
"1170" 2 1170 1.19353935421268
"1171" 2 1171 -0.294110521977684
"1172" 2 1172 -0.54844963329477
"1173" 2 1173 0.845053944039634
"1174" 2 1174 -0.298656270292056
"1175" 2 1175 0.780167381812762
"1176" 2 1176 0.924471390818042
"1177" 2 1177 0.042095662364793
"1178" 2 1178 0.425522531269182
"1179" 2 1179 1.3340227395107
"1180" 2 1180 -0.474842622453909
"1181" 2 1181 -0.334944585753306
"1182" 2 1182 -0.180537823155906
"1183" 2 1183 -0.824561887785523
"1184" 2 1184 0.170317457453182
"1185" 2 1185 -0.739453694844308
"1186" 2 1186 0.680051055621004
"1187" 2 1187 -0.387511018640851
"1188" 2 1188 1.28806570890214
"1189" 2 1189 -1.65039421058462
"1190" 2 1190 0.556308254938866
"1191" 2 1191 -0.889102337268502
"1192" 2 1192 0.636945294366624
"1193" 2 1193 -2.1424491121007
"1194" 2 1194 1.14681223550191
"1195" 2 1195 -0.419288848762013
"1196" 2 1196 -0.306017090628072
"1197" 2 1197 -0.279949733301909
"1198" 2 1198 -0.290352127320614
"1199" 2 1199 1.22535640527642
"1200" 2 1200 -0.156694950317678
"1201" 2 1201 1.0861518182408
"1202" 2 1202 0.45361413081534
"1203" 2 1203 -0.480235041295195
"1204" 2 1204 -0.156071396497884
"1205" 2 1205 -0.180569713832721
"1206" 2 1206 2.33737982287886
"1207" 2 1207 0.0526958866671709
"1208" 2 1208 -0.757272475084547
"1209" 2 1209 -1.45350943240475
"1210" 2 1210 1.23153464667779
"1211" 2 1211 0.450276245992314
"1212" 2 1212 -1.14223103308684
"1213" 2 1213 1.2827279998563
"1214" 2 1214 -1.35300199727718
"1215" 2 1215 -0.376425075560908
"1216" 2 1216 -0.944651277093431
"1217" 2 1217 -0.39900400496474
"1218" 2 1218 0.0729106744075401
"1219" 2 1219 0.0412191527522197
"1220" 2 1220 -1.67083555394762
"1221" 2 1221 1.06110429465721
"1222" 2 1222 0.347042659135948
"1223" 2 1223 1.45879664364301
"1224" 2 1224 1.23461762735347
"1225" 2 1225 -0.165394999744551
"1226" 2 1226 0.052477006963439
"1227" 2 1227 -0.107435465557048
"1228" 2 1228 -0.941496567368195
"1229" 2 1229 -0.680698249371155
"1230" 2 1230 1.29836337863032
"1231" 2 1231 -2.34020010108473
"1232" 2 1232 -0.669172543296721
"1233" 2 1233 0.735542396359089
"1234" 2 1234 0.839852505024843
"1235" 2 1235 0.246301520939897
"1236" 2 1236 0.0224837755717131
"1237" 2 1237 -1.34025608140382
"1238" 2 1238 0.644755809673187
"1239" 2 1239 0.192729479090411
"1240" 2 1240 1.06937148792564
"1241" 2 1241 0.151412661034207
"1242" 2 1242 1.08506708750976
"1243" 2 1243 0.425540787994244
"1244" 2 1244 -0.122524480421542
"1245" 2 1245 0.68009515850675
"1246" 2 1246 -0.0933430150076092
"1247" 2 1247 -0.749925327430569
"1248" 2 1248 -1.62526713602569
"1249" 2 1249 -1.1030045410271
"1250" 2 1250 -0.131082355735334
"1251" 2 1251 0.530643527817177
"1252" 2 1252 0.965458336293098
"1253" 2 1253 -1.20631046727445
"1254" 2 1254 0.787927716830751
"1255" 2 1255 2.07663169373961
"1256" 2 1256 1.38645618704692
"1257" 2 1257 1.58084944950023
"1258" 2 1258 -0.488246918022804
"1259" 2 1259 -1.015097648473
"1260" 2 1260 -0.129112362280518
"1261" 2 1261 -0.0162871336062222
"1262" 2 1262 -2.05336955986071
"1263" 2 1263 1.76864099115041
"1264" 2 1264 1.66005943393617
"1265" 2 1265 -0.478362952886781
"1266" 2 1266 -0.954436078361279
"1267" 2 1267 -0.69490091791666
"1268" 2 1268 -1.96618565560155
"1269" 2 1269 -0.268376222886878
"1270" 2 1270 -0.731710596093001
"1271" 2 1271 -0.622978425002571
"1272" 2 1272 0.127434909297798
"1273" 2 1273 -0.774622947552568
"1274" 2 1274 1.42029256872117
"1275" 2 1275 -1.15558078207601
"1276" 2 1276 -0.771391964380047
"1277" 2 1277 -0.26711983369445
"1278" 2 1278 -0.407435613700667
"1279" 2 1279 -0.0222842527464085
"1280" 2 1280 -0.676977253407756
"1281" 2 1281 -0.719532594989543
"1282" 2 1282 1.51692760237758
"1283" 2 1283 1.08212708275569
"1284" 2 1284 -0.175297092853689
"1285" 2 1285 0.0546722622346524
"1286" 2 1286 -0.970162581308287
"1287" 2 1287 0.338599809795924
"1288" 2 1288 -0.185030939603737
"1289" 2 1289 -0.153620419250976
"1290" 2 1290 -0.547339581183713
"1291" 2 1291 -0.0606976240546238
"1292" 2 1292 1.08659333068745
"1293" 2 1293 -0.81630875368795
"1294" 2 1294 0.710268165131566
"1295" 2 1295 0.621218986162513
"1296" 2 1296 -0.209345337748503
"1297" 2 1297 1.08940178299019
"1298" 2 1298 -0.239532683276942
"1299" 2 1299 0.158694682063861
"1300" 2 1300 1.06092136430725
"1301" 2 1301 -1.43863903842525
"1302" 2 1302 -0.0489888613093786
"1303" 2 1303 -0.819458326844664
"1304" 2 1304 -0.748537344649534
"1305" 2 1305 -0.166493000204599
"1306" 2 1306 0.022297409941459
"1307" 2 1307 -0.587719036677952
"1308" 2 1308 -0.327398284855263
"1309" 2 1309 0.52721184892296
"1310" 2 1310 -0.3844722456829
"1311" 2 1311 0.201857106725556
"1312" 2 1312 0.294240309930817
"1313" 2 1313 0.755895677990179
"1314" 2 1314 0.232064055060349
"1315" 2 1315 -0.893108323480313
"1316" 2 1316 -2.96742868433149
"1317" 2 1317 -0.271007847857333
"1318" 2 1318 0.0866258120951613
"1319" 2 1319 -0.317196080279302
"1320" 2 1320 -0.896953105447892
"1321" 2 1321 -0.43086022085976
"1322" 2 1322 0.355453819017649
"1323" 2 1323 1.41931332459708
"1324" 2 1324 1.7007460590202
"1325" 2 1325 0.0640849154141026
"1326" 2 1326 0.0953918469440797
"1327" 2 1327 -1.44957307159009
"1328" 2 1328 -0.850601060598223
"1329" 2 1329 -1.01652505958632
"1330" 2 1330 -0.832136793584375
"1331" 2 1331 1.25776509124627
"1332" 2 1332 0.0656938988527527
"1333" 2 1333 2.83323052680156
"1334" 2 1334 -0.118132776310949
"1335" 2 1335 0.978096123932077
"1336" 2 1336 0.0183175480048274
"1337" 2 1337 -0.391059333616254
"1338" 2 1338 -0.63618806607133
"1339" 2 1339 -0.620254555585269
"1340" 2 1340 0.59193880085575
"1341" 2 1341 0.693636323467002
"1342" 2 1342 0.251243511109074
"1343" 2 1343 -1.40284464368983
"1344" 2 1344 -1.00140062712805
"1345" 2 1345 -0.609704337604923
"1346" 2 1346 -0.931588995125735
"1347" 2 1347 -1.08215944505163
"1348" 2 1348 1.96523537739827
"1349" 2 1349 1.30530373222012
"1350" 2 1350 1.38336178676108
"1351" 2 1351 -1.09081454050626
"1352" 2 1352 1.11151099482165
"1353" 2 1353 -1.62657717576463
"1354" 2 1354 1.18185828436648
"1355" 2 1355 1.11162016915363
"1356" 2 1356 0.050326185457917
"1357" 2 1357 0.322462910449768
"1358" 2 1358 0.604973038999242
"1359" 2 1359 0.465806894045526
"1360" 2 1360 0.295631414357137
"1361" 2 1361 0.331169160722208
"1362" 2 1362 0.747466910342305
"1363" 2 1363 0.918419282437483
"1364" 2 1364 2.65927969599697
"1365" 2 1365 -0.710052104603672
"1366" 2 1366 -0.540690077780845
"1367" 2 1367 0.690324983193368
"1368" 2 1368 -0.426067391871152
"1369" 2 1369 0.146810302324933
"1370" 2 1370 -0.271439852499712
"1371" 2 1371 -0.126366962109158
"1372" 2 1372 -1.03922337374744
"1373" 2 1373 -0.230812284760589
"1374" 2 1374 0.14326451799158
"1375" 2 1375 1.64512513867943
"1376" 2 1376 -1.26149639489581
"1377" 2 1377 -0.332295615511698
"1378" 2 1378 0.374057894720219
"1379" 2 1379 -0.09017322996602
"1380" 2 1380 -0.719147743147024
"1381" 2 1381 -0.796139130451536
"1382" 2 1382 -0.354163828910428
"1383" 2 1383 0.584948129583528
"1384" 2 1384 0.407476353634198
"1385" 2 1385 1.82475654397418
"1386" 2 1386 1.55697069216242
"1387" 2 1387 0.288863098153363
"1388" 2 1388 -0.611817331396782
"1389" 2 1389 2.0661708035651
"1390" 2 1390 0.422528235117506
"1391" 2 1391 -1.3404847740976
"1392" 2 1392 0.616978924162535
"1393" 2 1393 0.612160448039502
"1394" 2 1394 1.29406448892832
"1395" 2 1395 0.544359764721147
"1396" 2 1396 -0.384759821579065
"1397" 2 1397 2.24692327549012
"1398" 2 1398 -1.19586706455977
"1399" 2 1399 0.674984805547665
"1400" 2 1400 2.0775659700074
"1401" 2 1401 -0.257762080185724
"1402" 2 1402 0.656323821500761
"1403" 2 1403 0.836274028308744
"1404" 2 1404 -0.13622927058847
"1405" 2 1405 1.99558128743212
"1406" 2 1406 -0.939297233543379
"1407" 2 1407 0.0951258074782445
"1408" 2 1408 0.388510112863193
"1409" 2 1409 1.22061809702831
"1410" 2 1410 1.68801466804401
"1411" 2 1411 1.3943322648914
"1412" 2 1412 0.626432137390635
"1413" 2 1413 -1.26859175203105
"1414" 2 1414 0.55425490682372
"1415" 2 1415 -2.56396867182293
"1416" 2 1416 1.34904646907011
"1417" 2 1417 -0.708952696584214
"1418" 2 1418 0.92557312000444
"1419" 2 1419 -0.395807267661612
"1420" 2 1420 -0.438003501003551
"1421" 2 1421 -0.171592948184149
"1422" 2 1422 1.07978897799475
"1423" 2 1423 0.284295428920984
"1424" 2 1424 0.0171365370060582
"1425" 2 1425 -0.335175025161276
"1426" 2 1426 0.394831550011365
"1427" 2 1427 1.01535976790515
"1428" 2 1428 0.689619339211142
"1429" 2 1429 -1.17516223398524
"1430" 2 1430 -0.855809840991171
"1431" 2 1431 -0.924552392689076
"1432" 2 1432 -0.869814897148215
"1433" 2 1433 2.02509195955701
"1434" 2 1434 0.0164958945760523
"1435" 2 1435 1.39119827891649
"1436" 2 1436 0.928722397046395
"1437" 2 1437 -0.00145822417344371
"1438" 2 1438 -0.327666283182072
"1439" 2 1439 0.537184911825944
"1440" 2 1440 0.908998065892733
"1441" 2 1441 0.663200306601507
"1442" 2 1442 0.165850376635033
"1443" 2 1443 -0.736137987784162
"1444" 2 1444 0.132276477722897
"1445" 2 1445 -1.76954657576251
"1446" 2 1446 0.345007317373443
"1447" 2 1447 -1.48093850656547
"1448" 2 1448 0.653918444735802
"1449" 2 1449 0.323077487614368
"1450" 2 1450 1.4849340557645
"1451" 2 1451 0.757707381820129
"1452" 2 1452 0.577134957748627
"1453" 2 1453 0.560838375303214
"1454" 2 1454 -1.3610563343986
"1455" 2 1455 0.187101592703107
"1456" 2 1456 0.402336222592957
"1457" 2 1457 -0.398711343806766
"1458" 2 1458 -1.95070415131556
"1459" 2 1459 0.248871812252165
"1460" 2 1460 2.13655034856477
"1461" 2 1461 -1.10770709036522
"1462" 2 1462 -0.0614739651605867
"1463" 2 1463 1.32843146683698
"1464" 2 1464 0.738371646205907
"1465" 2 1465 -2.20888474557079
"1466" 2 1466 -1.73613259920763
"1467" 2 1467 0.106787638458812
"1468" 2 1468 0.323124568923392
"1469" 2 1469 -0.634852424832443
"1470" 2 1470 -1.15753090815542
"1471" 2 1471 1.12677417848513
"1472" 2 1472 -1.57824404701105
"1473" 2 1473 1.48776547120935
"1474" 2 1474 -0.721414072664997
"1475" 2 1475 1.21255284959756
"1476" 2 1476 1.08741857689884
"1477" 2 1477 -1.48144428391789
"1478" 2 1478 -1.04266433772609
"1479" 2 1479 -0.0332232875687175
"1480" 2 1480 -0.0211349406563899
"1481" 2 1481 0.640481127950543
"1482" 2 1482 -0.450061967371351
"1483" 2 1483 0.231173588813569
"1484" 2 1484 1.75699838623521
"1485" 2 1485 1.11928282985071
"1486" 2 1486 -1.51422959225774
"1487" 2 1487 0.0309327654053586
"1488" 2 1488 0.319347776716917
"1489" 2 1489 -0.926335310717429
"1490" 2 1490 0.386060794545503
"1491" 2 1491 0.885480830526546
"1492" 2 1492 -0.939603574771731
"1493" 2 1493 0.379920574736023
"1494" 2 1494 -0.980699393826115
"1495" 2 1495 1.06302194366275
"1496" 2 1496 1.8774020281626
"1497" 2 1497 -0.914227904458061
"1498" 2 1498 -1.08629319853616
"1499" 2 1499 -0.788760014667521
"1500" 2 1500 0.842576271332942
"1501" 2 1501 0.0153135268324137
"1502" 2 1502 -1.94955982124148
"1503" 2 1503 -0.07645213379505
"1504" 2 1504 0.710767028079711
"1505" 2 1505 0.279533084701889
"1506" 2 1506 -0.424208511641365
"1507" 2 1507 0.540294394919601
"1508" 2 1508 0.599430270162544
"1509" 2 1509 0.102509326282526
"1510" 2 1510 1.5941774075807
"1511" 2 1511 1.99266332968461
"1512" 2 1512 -0.317640405746978
"1513" 2 1513 -0.549082328312296
"1514" 2 1514 -1.07798293876924
"1515" 2 1515 1.08273800321243
"1516" 2 1516 2.88641627943191
"1517" 2 1517 2.16174953970484
"1518" 2 1518 1.07844081204916
"1519" 2 1519 0.483118486527392
"1520" 2 1520 0.254360595131281
"1521" 2 1521 0.524122710975626
"1522" 2 1522 -1.12429172961249
"1523" 2 1523 -0.791378563772082
"1524" 2 1524 1.79817031381619
"1525" 2 1525 0.00289766990289786
"1526" 2 1526 0.870006223584274
"1527" 2 1527 0.611961239740468
"1528" 2 1528 1.74787705797992
"1529" 2 1529 -0.527976940758991
"1530" 2 1530 0.82178844116372
"1531" 2 1531 0.668421530943533
"1532" 2 1532 -0.0397927978289901
"1533" 2 1533 1.20952082068497
"1534" 2 1534 0.856762860029192
"1535" 2 1535 -1.67273397036169
"1536" 2 1536 -0.2318587377987
"1537" 2 1537 -1.12489739569994
"1538" 2 1538 -0.494966050608244
"1539" 2 1539 -0.0340483330539778
"1540" 2 1540 1.81890827080134
"1541" 2 1541 0.0211213876362229
"1542" 2 1542 0.747866475421055
"1543" 2 1543 0.135316284311781
"1544" 2 1544 -0.496929743962112
"1545" 2 1545 0.788799617511154
"1546" 2 1546 0.252976806450496
"1547" 2 1547 0.235485631849996
"1548" 2 1548 0.957137601029463
"1549" 2 1549 1.20054775107235
"1550" 2 1550 -0.497878877474981
"1551" 2 1551 0.999046009040324
"1552" 2 1552 -0.0327209411193126
"1553" 2 1553 0.987225275027498
"1554" 2 1554 -2.2251348424916
"1555" 2 1555 -0.365733038928408
"1556" 2 1556 0.365003753966926
"1557" 2 1557 0.428748314296601
"1558" 2 1558 -2.05966011299013
"1559" 2 1559 1.94157180089046
"1560" 2 1560 0.0885063855449972
"1561" 2 1561 0.784872901319889
"1562" 2 1562 1.49694739480315
"1563" 2 1563 -0.891531442619902
"1564" 2 1564 -0.446884565584596
"1565" 2 1565 -1.13492152633276
"1566" 2 1566 1.7749276606063
"1567" 2 1567 2.50005599954561
"1568" 2 1568 -0.631995401927911
"1569" 2 1569 -0.204383414307943
"1570" 2 1570 -0.815245367920104
"1571" 2 1571 0.332818949420636
"1572" 2 1572 0.76597428471234
"1573" 2 1573 -1.54285928851086
"1574" 2 1574 0.329417654864955
"1575" 2 1575 0.343991663332928
"1576" 2 1576 -0.672582524060417
"1577" 2 1577 -0.0532032229918864
"1578" 2 1578 0.937434884190622
"1579" 2 1579 -0.400583408453113
"1580" 2 1580 -1.99236082060766
"1581" 2 1581 0.354270069365988
"1582" 2 1582 0.90710448950689
"1583" 2 1583 -1.67809407982185
"1584" 2 1584 -1.60903832350173
"1585" 2 1585 0.518509870459792
"1586" 2 1586 0.0102047277929007
"1587" 2 1587 -0.159226294388298
"1588" 2 1588 2.31330772541544
"1589" 2 1589 -0.378532650136761
"1590" 2 1590 1.57466110378391
"1591" 2 1591 0.824741762814202
"1592" 2 1592 1.32398225637408
"1593" 2 1593 0.926395509084404
"1594" 2 1594 1.85018003862142
"1595" 2 1595 0.659154814652511
"1596" 2 1596 2.08875359907412
"1597" 2 1597 -0.712613932054435
"1598" 2 1598 -0.643929714281356
"1599" 2 1599 0.309439933120682
"1600" 2 1600 -1.45615588153128
"1601" 2 1601 -0.18571454794636
"1602" 2 1602 -0.264148343034817
"1603" 2 1603 -1.48295531502429
"1604" 2 1604 0.673776447033127
"1605" 2 1605 0.19075695927947
"1606" 2 1606 0.196587394107994
"1607" 2 1607 1.79039863578191
"1608" 2 1608 -0.703558474253896
"1609" 2 1609 0.433708099855009
"1610" 2 1610 0.116207360417821
"1611" 2 1611 0.598899406415842
"1612" 2 1612 -0.135167190014359
"1613" 2 1613 -1.12739668717806
"1614" 2 1614 0.842082962697289
"1615" 2 1615 0.0514837050838045
"1616" 2 1616 -0.293667003297315
"1617" 2 1617 -1.61243722452622
"1618" 2 1618 -1.02872478372655
"1619" 2 1619 -0.258397594640575
"1620" 2 1620 -0.783388823484051
"1621" 2 1621 0.656278731100595
"1622" 2 1622 -1.418780083064
"1623" 2 1623 0.952812327358138
"1624" 2 1624 -0.662957097979326
"1625" 2 1625 0.219132382784481
"1626" 2 1626 -0.882407605536578
"1627" 2 1627 -1.62232009814218
"1628" 2 1628 -0.0169711533977034
"1629" 2 1629 1.67380000060702
"1630" 2 1630 1.39952344822526
"1631" 2 1631 0.332594482879236
"1632" 2 1632 0.867195328083569
"1633" 2 1633 -2.68283757331938
"1634" 2 1634 1.41851207044829
"1635" 2 1635 -1.89101556723075
"1636" 2 1636 0.689928993663375
"1637" 2 1637 0.32660878514873
"1638" 2 1638 -0.00157784539777721
"1639" 2 1639 -0.567667073159023
"1640" 2 1640 -0.457537783119617
"1641" 2 1641 0.534419680366625
"1642" 2 1642 -1.44689234924633
"1643" 2 1643 0.658056295502211
"1644" 2 1644 -1.3200150506393
"1645" 2 1645 -0.65791153618609
"1646" 2 1646 1.07589945638301
"1647" 2 1647 -1.26892393965389
"1648" 2 1648 0.205751892436114
"1649" 2 1649 0.177561688369
"1650" 2 1650 -0.697467956928962
"1651" 2 1651 -0.404431849529312
"1652" 2 1652 -0.246511828792148
"1653" 2 1653 1.23079133069608
"1654" 2 1654 -0.680181619202208
"1655" 2 1655 0.575294219169709
"1656" 2 1656 -0.922366718733895
"1657" 2 1657 -0.137464405237801
"1658" 2 1658 -0.493829083080685
"1659" 2 1659 -1.36134042516914
"1660" 2 1660 1.61174816809612
"1661" 2 1661 0.179542708125957
"1662" 2 1662 -2.08841390965168
"1663" 2 1663 0.47796615215663
"1664" 2 1664 1.75583909134785
"1665" 2 1665 -0.662893846668392
"1666" 2 1666 1.53208754505382
"1667" 2 1667 -0.576775478380492
"1668" 2 1668 0.29242020557144
"1669" 2 1669 -0.164318227857206
"1670" 2 1670 1.08642342740385
"1671" 2 1671 -0.391418578339794
"1672" 2 1672 -0.888260522956138
"1673" 2 1673 -0.434778101612405
"1674" 2 1674 0.659806131166365
"1675" 2 1675 -0.192482375133374
"1676" 2 1676 0.873805030743233
"1677" 2 1677 1.53964959168823
"1678" 2 1678 -0.744910154250558
"1679" 2 1679 1.33722690840659
"1680" 2 1680 0.483694298493189
"1681" 2 1681 -0.599096693310653
"1682" 2 1682 1.75670546541557
"1683" 2 1683 -0.0556707251254772
"1684" 2 1684 1.32874589374722
"1685" 2 1685 2.51456708505336
"1686" 2 1686 0.362404530344723
"1687" 2 1687 -1.30133295929229
"1688" 2 1688 0.157743818736338
"1689" 2 1689 1.11313686975392
"1690" 2 1690 -1.05821460548536
"1691" 2 1691 -0.452176495091777
"1692" 2 1692 0.724360621505349
"1693" 2 1693 0.302845135366233
"1694" 2 1694 1.52317260773345
"1695" 2 1695 1.25265378216409
"1696" 2 1696 0.592637840272445
"1697" 2 1697 -0.399302075376946
"1698" 2 1698 -0.597946018346294
"1699" 2 1699 -1.70229849586567
"1700" 2 1700 -0.193184646023709
"1701" 2 1701 1.47723879142495
"1702" 2 1702 -1.04543502100702
"1703" 2 1703 -0.743044248046371
"1704" 2 1704 -0.475552776294048
"1705" 2 1705 -1.55123116970846
"1706" 2 1706 0.771206351033614
"1707" 2 1707 -1.0709748041697
"1708" 2 1708 -1.53252063094363
"1709" 2 1709 0.415238949353923
"1710" 2 1710 1.63144659550016
"1711" 2 1711 -0.0186688066889152
"1712" 2 1712 0.911552496308987
"1713" 2 1713 0.220929797180493
"1714" 2 1714 1.15177556332112
"1715" 2 1715 -2.44815743954451
"1716" 2 1716 -0.0524179141913214
"1717" 2 1717 -1.06675188469827
"1718" 2 1718 0.796395629650536
"1719" 2 1719 1.2203723547449
"1720" 2 1720 0.0483688241487214
"1721" 2 1721 -0.697548778193987
"1722" 2 1722 0.953553784562869
"1723" 2 1723 -1.72337702049983
"1724" 2 1724 1.55439635727873
"1725" 2 1725 -0.726680051872323
"1726" 2 1726 0.864543838350756
"1727" 2 1727 -0.386729845693168
"1728" 2 1728 -0.110768553943262
"1729" 2 1729 -0.53704850382355
"1730" 2 1730 0.390350833644661
"1731" 2 1731 1.2002594734126
"1732" 2 1732 0.193747450487788
"1733" 2 1733 -1.24138039454258
"1734" 2 1734 0.274564711538662
"1735" 2 1735 -0.913485985899443
"1736" 2 1736 -0.160225185595779
"1737" 2 1737 1.43132695875944
"1738" 2 1738 0.59836333860142
"1739" 2 1739 1.59691923063819
"1740" 2 1740 1.63522834806347
"1741" 2 1741 -0.109179863617899
"1742" 2 1742 -0.140763276960291
"1743" 2 1743 0.573785134726902
"1744" 2 1744 0.114100517642195
"1745" 2 1745 0.135860826273351
"1746" 2 1746 -1.10542341385111
"1747" 2 1747 1.13228431410525
"1748" 2 1748 -0.636189090382175
"1749" 2 1749 -0.171715506001508
"1750" 2 1750 -1.32663015010377
"1751" 2 1751 0.799974253187226
"1752" 2 1752 1.98804385806498
"1753" 2 1753 -0.585325254651201
"1754" 2 1754 0.180053756311779
"1755" 2 1755 1.1213582141106
"1756" 2 1756 -1.47687631813109
"1757" 2 1757 0.0598970863288412
"1758" 2 1758 1.2865563000805
"1759" 2 1759 0.350901070233936
"1760" 2 1760 0.394248934503132
"1761" 2 1761 0.665124727732828
"1762" 2 1762 -0.83847324296629
"1763" 2 1763 -0.420144742106707
"1764" 2 1764 0.570280838212514
"1765" 2 1765 0.851182122259092
"1766" 2 1766 -2.39672976404338
"1767" 2 1767 1.03689617372114
"1768" 2 1768 0.279768978667867
"1769" 2 1769 -0.896165627023016
"1770" 2 1770 -0.540633236049497
"1771" 2 1771 0.195097269396302
"1772" 2 1772 -0.15147535060159
"1773" 2 1773 0.714358089244544
"1774" 2 1774 -1.13265938550051
"1775" 2 1775 1.62018671729753
"1776" 2 1776 -0.488103431953308
"1777" 2 1777 0.266153524663111
"1778" 2 1778 -1.09926894700186
"1779" 2 1779 0.751141933394011
"1780" 2 1780 -1.52218311905119
"1781" 2 1781 -0.805625903036977
"1782" 2 1782 1.75956279894135
"1783" 2 1783 -0.774340792257728
"1784" 2 1784 0.086952993603016
"1785" 2 1785 -0.669094028951982
"1786" 2 1786 -1.67141683683023
"1787" 2 1787 1.13032436290386
"1788" 2 1788 0.665489726018971
"1789" 2 1789 -2.23199395585744
"1790" 2 1790 0.954604363682668
"1791" 2 1791 -1.38069853523978
"1792" 2 1792 0.242382500798132
"1793" 2 1793 -0.848410468207698
"1794" 2 1794 0.258354681902495
"1795" 2 1795 -0.44870924486984
"1796" 2 1796 -0.116269539425962
"1797" 2 1797 0.395264629372207
"1798" 2 1798 0.198226018910485
"1799" 2 1799 0.141473751654318
"1800" 2 1800 -1.92418872394045
"1801" 2 1801 0.607322159921045
"1802" 2 1802 -1.73060936852873
"1803" 2 1803 -0.356064831817234
"1804" 2 1804 -0.347707691143132
"1805" 2 1805 -0.406297722835886
"1806" 2 1806 1.03361613730982
"1807" 2 1807 1.12401826046145
"1808" 2 1808 1.32682489274868
"1809" 2 1809 0.324867435188854
"1810" 2 1810 -0.599219285525691
"1811" 2 1811 -0.239295471187144
"1812" 2 1812 -0.691783010383117
"1813" 2 1813 0.398817482263355
"1814" 2 1814 0.206073769954186
"1815" 2 1815 -0.298417863386257
"1816" 2 1816 -0.0896655881467571
"1817" 2 1817 0.780094693710945
"1818" 2 1818 0.69337692160579
"1819" 2 1819 -1.09083452965742
"1820" 2 1820 0.501178667616987
"1821" 2 1821 -0.415045609429395
"1822" 2 1822 0.957709878610066
"1823" 2 1823 0.251105821586045
"1824" 2 1824 -0.499143738528246
"1825" 2 1825 -0.785742954756505
"1826" 2 1826 0.667353094057684
"1827" 2 1827 -1.38928631100812
"1828" 2 1828 1.30700246432035
"1829" 2 1829 -0.2237821807253
"1830" 2 1830 1.17507474949826
"1831" 2 1831 -0.746205683186388
"1832" 2 1832 -0.253073108164446
"1833" 2 1833 0.0617304825986239
"1834" 2 1834 -0.0386994127364139
"1835" 2 1835 -0.403614441898322
"1836" 2 1836 0.731561239821526
"1837" 2 1837 1.59017803744593
"1838" 2 1838 -0.425105469889874
"1839" 2 1839 0.704265301655153
"1840" 2 1840 -3.15762414096783
"1841" 2 1841 2.9581709742589
"1842" 2 1842 1.50408382087545
"1843" 2 1843 -0.614879659674764
"1844" 2 1844 0.152943347077941
"1845" 2 1845 1.20578874541393
"1846" 2 1846 -0.355787695386557
"1847" 2 1847 1.04575821073884
"1848" 2 1848 -0.762764277792395
"1849" 2 1849 0.257263298777748
"1850" 2 1850 0.0880320810619851
"1851" 2 1851 0.592958102063373
"1852" 2 1852 -1.13554681348981
"1853" 2 1853 1.19586573362631
"1854" 2 1854 -0.254293515424072
"1855" 2 1855 -0.365138102039666
"1856" 2 1856 -0.0457612553525556
"1857" 2 1857 0.621808473248724
"1858" 2 1858 -0.481593316178858
"1859" 2 1859 -1.04668101243527
"1860" 2 1860 1.20907958592608
"1861" 2 1861 1.27730935904887
"1862" 2 1862 -0.828769792440601
"1863" 2 1863 -1.20889553338176
"1864" 2 1864 0.3476437874434
"1865" 2 1865 0.737532239658604
"1866" 2 1866 -0.0918311277551087
"1867" 2 1867 1.20847526703489
"1868" 2 1868 0.59630550481045
"1869" 2 1869 1.32392875694125
"1870" 2 1870 0.246677213634706
"1871" 2 1871 -0.938322758902977
"1872" 2 1872 2.08822146680799
"1873" 2 1873 -0.947268312670163
"1874" 2 1874 0.906575229564305
"1875" 2 1875 0.54110049430769
"1876" 2 1876 -1.53438917706095
"1877" 2 1877 2.15978482041539
"1878" 2 1878 -0.852266652809774
"1879" 2 1879 -0.223834148294643
"1880" 2 1880 -1.58961605135309
"1881" 2 1881 0.932929890698589
"1882" 2 1882 -1.41385808154344
"1883" 2 1883 1.03228327753199
"1884" 2 1884 0.464154926280628
"1885" 2 1885 0.46998464049196
"1886" 2 1886 1.344853604999
"1887" 2 1887 -0.546526842500538
"1888" 2 1888 0.272525882581717
"1889" 2 1889 1.73716506618228
"1890" 2 1890 -1.39130701720852
"1891" 2 1891 1.69451634206619
"1892" 2 1892 1.81015337456735
"1893" 2 1893 0.306015968927488
"1894" 2 1894 -0.0105980265656197
"1895" 2 1895 1.66455780571203
"1896" 2 1896 1.41275579598682
"1897" 2 1897 -1.09386498377795
"1898" 2 1898 1.09503975403445
"1899" 2 1899 0.18263002593349
"1900" 2 1900 0.572842210774269
"1901" 2 1901 1.97846722496813
"1902" 2 1902 1.50477414645489
"1903" 2 1903 1.10119720419407
"1904" 2 1904 0.0835279549985996
"1905" 2 1905 -0.450718629328516
"1906" 2 1906 0.602512480401792
"1907" 2 1907 0.660591859261007
"1908" 2 1908 -1.30057308548141
"1909" 2 1909 0.0527838889427074
"1910" 2 1910 0.765013255417344
"1911" 2 1911 1.924381084782
"1912" 2 1912 -0.564285493702634
"1913" 2 1913 0.592994391424584
"1914" 2 1914 0.930319663935963
"1915" 2 1915 0.863695464512074
"1916" 2 1916 0.304040157182914
"1917" 2 1917 -0.801421886091965
"1918" 2 1918 0.533632130075162
"1919" 2 1919 0.689902248134469
"1920" 2 1920 -0.764473892665514
"1921" 2 1921 0.596282446771868
"1922" 2 1922 1.28665805411413
"1923" 2 1923 1.30361473544684
"1924" 2 1924 -0.771772631641269
"1925" 2 1925 1.33429870831364
"1926" 2 1926 -1.83595635306212
"1927" 2 1927 -1.25638223236106
"1928" 2 1928 -0.633557579949055
"1929" 2 1929 -0.0230190013349884
"1930" 2 1930 -1.86871080758962
"1931" 2 1931 -0.186891087107841
"1932" 2 1932 0.282462174431838
"1933" 2 1933 1.48451122769096
"1934" 2 1934 0.204316839077997
"1935" 2 1935 -1.39338598564414
"1936" 2 1936 0.567566801110224
"1937" 2 1937 1.59704771781901
"1938" 2 1938 -1.23897793289674
"1939" 2 1939 -1.48388775536986
"1940" 2 1940 1.57951501450721
"1941" 2 1941 -0.14072395891812
"1942" 2 1942 0.175202267735838
"1943" 2 1943 0.29272406574512
"1944" 2 1944 0.0415101636656127
"1945" 2 1945 0.480312411719157
"1946" 2 1946 1.15137013766756
"1947" 2 1947 0.0952940704834744
"1948" 2 1948 0.0871157928506669
"1949" 2 1949 -0.508160862290903
"1950" 2 1950 0.768266084829782
"1951" 2 1951 0.326620657226518
"1952" 2 1952 -0.384930650122652
"1953" 2 1953 0.893974044322485
"1954" 2 1954 -0.812031745552956
"1955" 2 1955 1.35733529673454
"1956" 2 1956 -1.91368250839937
"1957" 2 1957 0.864178210799507
"1958" 2 1958 0.373135531788821
"1959" 2 1959 1.41032700130099
"1960" 2 1960 -0.59497636380563
"1961" 2 1961 -0.472086403440034
"1962" 2 1962 1.16968089362241
"1963" 2 1963 -1.32624314164811
"1964" 2 1964 -0.248384703814521
"1965" 2 1965 -0.547279069668241
"1966" 2 1966 -1.01150907269972
"1967" 2 1967 2.05356699878465
"1968" 2 1968 1.3024697295838
"1969" 2 1969 -0.405302880886314
"1970" 2 1970 -1.8727756961472
"1971" 2 1971 -1.13339398888408
"1972" 2 1972 2.73797513302055
"1973" 2 1973 1.04218737584792
"1974" 2 1974 0.620868598353468
"1975" 2 1975 2.26286739231987
"1976" 2 1976 -0.202063528677622
"1977" 2 1977 -0.870366495133018
"1978" 2 1978 0.774722674593301
"1979" 2 1979 -1.49979199295114
"1980" 2 1980 0.256912801591809
"1981" 2 1981 -0.548242415416943
"1982" 2 1982 0.896751676841513
"1983" 2 1983 -0.151749438060593
"1984" 2 1984 -0.122104764808811
"1985" 2 1985 -0.884090430004592
"1986" 2 1986 -0.156859970434594
"1987" 2 1987 0.640127242750346
"1988" 2 1988 -1.40115285700937
"1989" 2 1989 1.58133853890849
"1990" 2 1990 -0.509107995166636
"1991" 2 1991 -0.33232698216298
"1992" 2 1992 1.04467503188252
"1993" 2 1993 1.15805712103354
"1994" 2 1994 -1.22953954175684
"1995" 2 1995 0.174228146440506
"1996" 2 1996 -1.97992564192853
"1997" 2 1997 0.107364812415091
"1998" 2 1998 -1.91569550823844
"1999" 2 1999 -0.554741680795279
"2000" 2 2000 0.884905613899403
